FRB20180814A 20230708 189 /databf/nenufar-pulsar/LT05/2023/07/FRB20180814A_D20230708T2329_60133_501366_0054_BEAM2_0001.fits 209 169 3 3 0.5 0.5
FRB20180814A 20230708 189 /databf/nenufar-pulsar/LT05/2023/07/FRB20180814A_D20230708T2329_60133_501366_0054_BEAM2_0001.fits 209 169 3 2.5 0.5 0.5
FRB20180814A 20230708 189 /databf/nenufar-pulsar/LT05/2023/07/FRB20180814A_D20230708T2329_60133_501366_0054_BEAM2_0001.fits 209 169 3.5 3.5 0.5 0.5
FRB20180908B 20230704 195 /databf/nenufar-pulsar/LT05/2023/07/FRB20180908B_D20230704T1601_60129_253464_0054_BEAM1_0001.fits 215 175 3 3 0.5 0.5
FRB20180908B 20230704 195 /databf/nenufar-pulsar/LT05/2023/07/FRB20180908B_D20230704T1601_60129_253464_0054_BEAM1_0001.fits 215 175 3 2.5 0.5 0.5
FRB20180908B 20230704 195 /databf/nenufar-pulsar/LT05/2023/07/FRB20180908B_D20230704T1601_60129_253464_0054_BEAM1_0001.fits 215 175 3.5 3.5 0.5 0.5
FRB20180908B 20230705 195 /databf/nenufar-pulsar/LT05/2023/07/FRB20180908B_D20230705T1601_60130_253472_0054_BEAM1_0001.fits 215 175 3 3 0.5 0.5
FRB20180908B 20230705 195 /databf/nenufar-pulsar/LT05/2023/07/FRB20180908B_D20230705T1601_60130_253472_0054_BEAM1_0001.fits 215 175 3 2.5 0.5 0.5
FRB20180908B 20230705 195 /databf/nenufar-pulsar/LT05/2023/07/FRB20180908B_D20230705T1601_60130_253472_0054_BEAM1_0001.fits 215 175 3.5 3.5 0.5 0.5
FRB20181030A 20230701 103 /databf/nenufar-pulsar/LT05/2023/07/FRB20181030A_D20230701T1501_60126_501344_0063_BEAM2_0001.fits 123 83 3 3 0.5 0.5
FRB20181030A 20230701 103 /databf/nenufar-pulsar/LT05/2023/07/FRB20181030A_D20230701T1501_60126_501344_0063_BEAM2_0001.fits 123 83 3 2.5 0.5 0.5
FRB20181030A 20230701 103 /databf/nenufar-pulsar/LT05/2023/07/FRB20181030A_D20230701T1501_60126_501344_0063_BEAM2_0001.fits 123 83 3.5 3.5 0.5 0.5
FRB20181030A 20230702 103 /databf/nenufar-pulsar/LT05/2023/07/FRB20181030A_D20230702T1501_60127_501345_0063_BEAM2_0001.fits 123 83 3 3 0.5 0.5
FRB20181030A 20230702 103 /databf/nenufar-pulsar/LT05/2023/07/FRB20181030A_D20230702T1501_60127_501345_0063_BEAM2_0001.fits 123 83 3 2.5 0.5 0.5
FRB20181030A 20230702 103 /databf/nenufar-pulsar/LT05/2023/07/FRB20181030A_D20230702T1501_60127_501345_0063_BEAM2_0001.fits 123 83 3.5 3.5 0.5 0.5
FRB20190303A 20230706 221 /databf/nenufar-pulsar/LT05/2023/07/FRB20190303A_D20230706T1701_60131_253474_0054_BEAM1_0001.fits 241 201 3 3 0.5 0.5
FRB20190303A 20230706 221 /databf/nenufar-pulsar/LT05/2023/07/FRB20190303A_D20230706T1701_60131_253474_0054_BEAM1_0001.fits 241 201 3 2.5 0.5 0.5
FRB20190303A 20230706 221 /databf/nenufar-pulsar/LT05/2023/07/FRB20190303A_D20230706T1701_60131_253474_0054_BEAM1_0001.fits 241 201 3.5 3.5 0.5 0.5
FRB20190303A 20230708 221 /databf/nenufar-pulsar/LT05/2023/07/FRB20190303A_D20230708T1701_60133_253483_0054_BEAM1_0001.fits 241 201 3 3 0.5 0.5
FRB20190303A 20230708 221 /databf/nenufar-pulsar/LT05/2023/07/FRB20190303A_D20230708T1701_60133_253483_0054_BEAM1_0001.fits 241 201 3 2.5 0.5 0.5
FRB20190303A 20230708 221 /databf/nenufar-pulsar/LT05/2023/07/FRB20190303A_D20230708T1701_60133_253483_0054_BEAM1_0001.fits 241 201 3.5 3.5 0.5 0.5
FRB20220912A 20230701 218 /databf/nenufar-pulsar/LT05/2023/07/FRB20220912A_D20230701T0401_60126_253444_0054_BEAM1_0001.fits 238 198 3 3 0.5 0.5
FRB20220912A 20230701 218 /databf/nenufar-pulsar/LT05/2023/07/FRB20220912A_D20230701T0401_60126_253444_0054_BEAM1_0001.fits 238 198 3 2.5 0.5 0.5
FRB20220912A 20230701 218 /databf/nenufar-pulsar/LT05/2023/07/FRB20220912A_D20230701T0401_60126_253444_0054_BEAM1_0001.fits 238 198 3.5 3.5 0.5 0.5
FRB20220912A 20230702 218 /databf/nenufar-pulsar/LT05/2023/07/FRB20220912A_D20230702T0401_60127_253445_0054_BEAM1_0001.fits 238 198 3 3 0.5 0.5
FRB20220912A 20230702 218 /databf/nenufar-pulsar/LT05/2023/07/FRB20220912A_D20230702T0401_60127_253445_0054_BEAM1_0001.fits 238 198 3 2.5 0.5 0.5
FRB20220912A 20230702 218 /databf/nenufar-pulsar/LT05/2023/07/FRB20220912A_D20230702T0401_60127_253445_0054_BEAM1_0001.fits 238 198 3.5 3.5 0.5 0.5
